Webots Project File version R2025a
perspectives: 000000ff00000000fd00000002000000010000022f000002ecfc0200000001fb0000001400540065007800740045006400690074006f00720000000016000002ec0000003f00ffffff000000030000073e000003c7fc0100000001fb0000001a0043006f006e0073006f006c00650041006c006c0041006c006c01000000000000073e00000000000000000000073e000003c700000001000000020000000100000008fc00000000
simulationViewPerspectives: 000000ff0000000100000002000001e3000005590100000002010000000100
sceneTreePerspectives: 000000ff00000001000000030000001c000002af000000fa0100000002010000000200
maximizedDockId: -1
centralWidgetVisible: 1
projectionMode: PERSPECTIVE
renderingMode: PLAIN
orthographicViewHeight: 1
textFiles: -1
renderingDevicePerspectives: Pioneer 2:camera;0;0.436111;0.417828;0
